printing for class maintenance categories
916 66
789 1
933 1
902 1
39 7
919 1
937 1
923 3
939 3
925 1
926 1
783 5
printing for class summary (per student, per problem, per student per topic
738 6
916 5
39 3
910 2
783 2
logging in + out 
902 3
903 1
840 23
781 2
910 23
783 34
911 3
912 4
913 1
914 1
915 3
916 39
917 2
789 2
918 4
919 3
856 1
921 1
857 4
922 2
859 5
923 12
860 1
924 3
925 13
926 2
927 1
928 2
929 16
738 22
933 3
934 1
39 122
936 1
937 4
938 1
939 3
940 1
941 7
944 3
881 2
945 7
946 4
948 4
949 1
892 5
summaries
738 10
916 104
39 24
910 2
783 22
